(49 50 35) (43 44 4) (35 36 83) (28 29 17) (24 25 16) (4 5 91) (8 10 6) (2 41 74) (3 13 90) (5 40 10) (6 46 97) (8 35 38) (10 35 65) (0 12 0) (19 26 16) (1 43 64) (4 33 80) (6 15 55) 
(11 31 81) (14 38 89) (16 26 59) (22 34 76) (25 38 44) (5 21 88) (0 44 3) (1 41 73) (7 48 27) (10 19 20) (15 45 19) (7 16 75) (17 48 98) (24 26 36) (1 27 16) (7 28 65) (20 30 20) (6 31 62) 
(12 32 86) (11 36 52) (35 37 46) (10 38 62) (26 39 1) (1 40 81) (0 24 16) (1 36 40) (1 33 61) (9 14 20) (18 44 38) (19 45 59) (20 44 32) (21 33 76) (19 22 35) 
(24 32 70) (26 44 34) (29 30 26) (8 31 45) (35 47 20) (1 31 22) (4 31 37) (8 29 52) (14 29 51) (8 16 58) (18 29 94) (1 19 52) (21 47 85) (10 27 52) (2 25 28) (4 39 79) 
(4 19 35) (20 42 36) (23 44 2) (25 41 13) (2 24 61) (9 38 31) (10 33 24) (17 37 29) (19 42 10) (21 45 70) (18 22 33) (4 23 97) (2 30 95) (32 35 38) (26 33 72) (13 35 70) (36 39 7) 
(16 38 92) (40 45 62) (33 42 1) (30 44 17) (7 34 48) (1 11 15) (12 30 21) (13 33 88) (10 14 22) (1 18 75) (23 48 36) (2 43 12) (3 30 14) (3 4 43) (5 44 45) (8 15 64) (9 44 71) (11 16 30) 
(13 23 1) (6 16 88) (17 47 81) (15 20 40) (21 31 41) (22 28 92) (23 43 7) (24 35 95) (25 39 13) (26 47 59) (15 27 67) (3 28 46) (29 32 20) (17 32 16) (33 38 1) (1 34 21) (14 35 64) 
(14 36 42) (4 37 22) (4 42 80) (6 43 0) (2 17 47) (3 42 43) (5 42 36) (6 13 19) (8 19 79) (9 19 43) (7 18 25) (21 43 36) (23 34 14) (9 24 92) (13 25 8) 
(4 27 71) (29 41 13) (0 45 90) (2 19 1) (5 41 82) (6 42 63) (7 27 96) 
(8 9 55) (10 36 64) (7 11 37) (12 47 75) (13 47 62) (14 41 43) (16 29 92) (17 40 72) (18 46 31) (19 43 93) (9 21 60) (7 23 70) (20 24 0) (25 48 59) (26 37 96) (5 28 83) 
(29 39 59) (30 33 68) (31 42 4) (33 40 16) (9 36 74) (1 37 44) (38 47 91) (5 20 68) (9 33 23) (14 46 78) (16 22 95) (1 42 56) (3 43 59) (4 7 93) (6 33 67) (7 40 69) (0 26 9) 
(1 32 82) (2 45 24) (0 3 74) (5 26 80) (6 30 39) (7 42 19) (11 19 78) (0 33 47) (4 25 21) (6 47 41) (9 34 84) (10 18 58) (11 37 57) (12 48 50) (14 31 94) 
(0 16 91) (11 18 85) (19 44 57) (20 45 15) (21 48 30) (28 41 37) (29 40 24) 
(30 37 73) (28 32 93) (0 21 73) (1 39 36) (6 25 23) (7 37 31) (3 48 65) (9 46 9) (10 21 40) (7 13 81) (2 15 85) (16 21 84) (13 19 91) (21 42 53) (24 42 7) (25 31 53) (0 42 59) 
(1 20 63) (3 31 73) (4 32 89) (7 39 48) (8 43 2) (9 31 66) (14 43 96) (15 38 71) (1 16 42) (10 17 92) (17 18 56) 
(22 40 98) (18 23 6) (24 44 78) (16 25 49) (10 26 37) (5 27 83) (28 38 58) (23 31 71) (27 32 66) (34 48 0) (4 35 31) 
(5 38 6) (1 44 84) (2 29 88) (5 15 73) (6 24 80) (7 10 59) (11 13 90) (13 16 64) (16 30 36) (17 36 1) (18 33 23) (19 31 71) (20 31 2) 
(23 32 43) (8 24 76) (28 40 22) (25 29 30) (15 30 30) (28 31 68) (7 33 94) (21 34 71) (22 35 65) (12 38 14) (1 22 20) (5 48 65) (7 43 73) (8 40 31) (10 16 71) (11 45 86) 
(12 20 97) (5 13 17) (13 18 95) (0 19 64) (20 40 96) 
(2 22 34) (17 25 50) (26 30 45) (0 20 42) (1 12 92) (3 14 75) (4 48 72) (8 13 34) (9 17 50) (12 35 69) (13 34 71) (16 19 92) (17 30 43) (18 34 76) (20 25 30) 
(0 22 63) (23 36 42) (26 42 52) (1 21 97) (3 20 22) (4 41 75) (1 5 48) (1 6 84) (1 7 7) (10 13 30) (3 15 78) (16 36 32) (17 27 56) (6 20 11) (21 37 73) (22 42 57) (19 25 95) (26 32 71) (3 27 88) (29 36 42) (19 32 39) (24 33 6) (19 34 60) (37 39 31) (0 14 10) (4 40 23) (5 11 36) (6 18 36) (8 23 69) (6 9 87) 
(13 44 31) (15 24 12) (17 23 75) (18 39 64) (19 27 3) (20 21 47) (21 27 80) (22 25 11) (24 40 27) (9 29 29) (10 31 21) (20 32 33) (22 33 84) 
(34 42 5) (1 35 55) (2 42 6) (3 9 65) (0 10 34) (1 14 66) (3 35 81) (4 46 2) (5 33 86) (3 6 63) (7 14 61) (9 48 75) (10 34 91) (12 37 90) (13 20 74) (17 22 69) (18 35 29) (19 37 33) (20 35 85) (3 21 10) (22 45 25) (24 45 11) (26 46 90) (24 27 61) (28 43 66) (29 42 53) (2 46 96) (3 22 29) (4 15 37) (5 29 69) (9 18 44) (12 42 25) (14 25 43) 
(15 42 95) (18 25 80) (20 36 1) (21 38 87) (23 46 10) (14 24 79) 
(25 44 72) (12 27 20) (1 4 16) (3 17 22) (0 7 74) (8 21 49) (10 22 93) (0 13 82) (1 9 46) (2 28 64) (3 41 23) (5 10 58) (4 6 32) (5 7 76) (8 36 28) (10 40 4) (1 17 98) 
(2 14 1) (21 22 37) (22 23 93) (23 24 87) (26 27 68) (27 28 58) (30 31 54) (31 32 29) (4 45 19) (7 15 35) (10 43 27) (11 34 65) (13 40 81) (14 17 58) (18 30 57) (17 20 51) (23 37 71) (24 31 65) (9 25 13) (13 26 67) 
(8 27 25) (28 35 49) (6 29 97) (31 48 82) (32 44 68) (33 47 31) (17 34 61) (19 35 92) (0 4 65) (1 3 38) (3 26 54) (4 28 15) (5 25 38) (6 26 38) (7 44 8) (8 11 99) (9 26 57) (0 11 74) (14 16 46) (15 46 51) (17 39 40) (12 19 0) (15 21 51) 
(22 32 4) (25 26 21) (15 29 91) (30 35 72) (8 32 64) (27 33 5) (36 43 10) (33 37 85) (26 38 21) (3 39 58) (14 40 92) 
(30 41 12) (8 42 70) (35 43 70) (10 44 84) (5 45 1) (0 28 61) (1 25 46) (2 48 47) (4 14 70) (7 19 75) (8 47 27) (9 45 90) (10 30 59) (6 12 79) (13 46 22) 
(14 15 23) (17 45 35) (1 28 44) (2 21 23) (4 12 26) (2 5 46) (0 36 7) (2 31 89) 
(4 22 68) (8 48 12) (10 29 75) (11 22 45) (14 26 93) (9 15 0) (5 16 58) (17 28 75) (15 18 59) (20 28 87) (38 39 50) 
(39 40 29) (40 41 16) (41 42 24) (42 43 59) (44 45 96) (45 46 59) (46 47 79) (47 48 41) (14 21 65) (23 33 98) (7 24 58) 
(25 36 10) (28 46 96) (4 30 43) (31 33 60) (13 32 84) (33 48 97) (20 34 51) (0 40 50) (2 38 28) (3 36 54) (4 16 40) 
(5 30 76) (7 9 54) (0 8 29) (9 12 52) (10 28 21) (11 38 16) (13 36 67) (14 44 45) (10 15 57) (16 40 9) (17 19 56) 
(20 23 59) (21 28 71) (22 27 16) (1 23 64) (5 24 30) (17 26 33) (27 45 24) (28 39 15) (21 29 83) (21 30 81) (15 16 5) (16 17 74) 
(21 32 76) (4 34 63) (35 45 85) (26 36 98) (10 37 52) (24 38 52) (0 39 67) (9 41 97) (0 5 30) (0 1 13) (3 5 69) (5 8 58) (6 17 75) 
(8 46 26) (1 10 71) (4 11 74) (12 23 39) (9 13 63) (14 27 20) (12 15 63) (16 43 13) (18 20 15) (19 36 91) (20 39 72) 
(21 24 6) (22 29 45) (23 35 56) (25 42 49) (27 36 77) (15 28 91) (30 48 99) (7 31 84) (6 32 53) (15 33 19) (5 34 12) 
(15 35 78) (33 36 78) (8 38 92) (33 39 64) (1 13 80) (2 11 82) (4 20 51) (0 6 46) (3 7 43) (8 26 74) (6 10 36) (11 28 62) (12 39 70) (12 13 49) 
(6 14 89) (15 26 47) (16 46 92) (18 41 74) (19 48 80) (20 26 60) (17 21 90) (20 22 4) 
(23 29 84) (21 25 30) (26 40 4) (27 34 33) (28 30 61) (29 43 10) (11 30 95) (31 46 94) (10 32 4) (3 34 92) (6 35 74) 
(34 36 7) (29 37 36) (6 38 83) (39 48 12) (40 47 83) (7 41 84) (2 13 79) (3 44 89) (4 9 45) (5 36 6) (6 11 96) (7 29 49) 
(8 25 40) (9 27 53) (4 10 81) (11 25 98) (10 12 60) (13 43 94) (14 34 22) (13 15 13) (3 16 90) (17 29 70) (0 25 26) 
(1 8 73) (0 2 74) (3 33 63) (2 4 94) (5 23 34) (6 19 30) (7 8 22) (3 10 37) (11 15 81) (2 12 68) (13 31 40) (11 14 98) 
(15 41 29) (16 27 74) (15 17 73) (2 3 17) (5 6 13) (6 7 65) (9 10 71) (10 11 91) (12 18 46) (19 47 14) (20 33 28) 
(21 23 12) (9 23 91) (18 24 74) (25 32 74) (27 44 30) (8 28 6) (29 35 35) (5 31 73) (32 45 63) (33 46 2) (27 35 8) (6 36 14) 
(24 37 85) (36 38 62) (23 39 78) (2 40 97) (23 41 84) (14 42 86) (9 43 32) (37 44 52) (0 34 35) (1 15 33) (2 26 34) (3 8 82) (4 8 14) (5 47 14) (2 6 27) (7 46 85) (8 17 78) (9 40 95) (10 46 41) (11 17 85) (12 16 15) (13 29 98) 
(14 30 58) (15 31 11) (18 26 35) (19 29 52) (20 47 60) (19 21 52) (9 22 20) (23 26 36) (24 29 48) (25 28 46) (7 26 14) 
(27 42 76) (18 28 96) (12 29 12) (30 40 17) (26 31 75) (9 32 58) (16 33 24) (34 40 83) (11 35 43) (24 36 97) (16 37 80) (19 38 46) (8 39 32) (32 40 15) (10 41 15) (12 43 61) (12 44 7) (33 45 15) (0 46 22) (0 17 44) (1 30 36) (2 7 5) 
(1 38 50) (2 47 28) (3 11 93) (4 29 70) (5 35 3) (7 22 7) (8 18 84) (9 16 33) (10 25 16) (11 23 77) (13 17 79) (0 41 94) (3 19 34) 
(5 43 59) (6 23 0) (7 12 93) (6 8 30) (9 47 22) (10 24 0) (11 40 11) (8 12 16) (13 42 94) (14 48 90) 
(15 40 59) (7 17 54) (18 38 53) (10 20 22) (21 44 97) (22 26 43) (16 23 32) (17 24 79) (25 37 4) (23 27 27) (0 23 49) 
(1 24 80) (2 18 25) (3 18 34) (1 2 32) (11 12 62) (13 14 26) (18 19 15) (19 20 34) (32 33 42) (33 34 50) (34 35 28) (36 37 15) (37 38 90) (48 49 45)